[8610,3090](8610,240,0)Can (8850,120,0)you (8970,240,0)blow (9210,330,0)my (9540,540,0)whistle (10080,540,0)baby(10620,0,0), (10620,630,0)whistle (11250,450,0)baby
[11700,1410](11700,510,0)Let (12210,390,0)me (12600,510,0)know
[13260,2700](13260,420,0)Girl (13680,210,0)I'm (13890,240,0)gonna (14130,300,0)show (14430,360,0)you (14790,300,0)how (15090,150,0)to (15240,420,0)do (15660,300,0)it
[15960,1800](15960,210,0)And (16170,180,0)we (16350,540,0)start (16890,300,0)real (17190,570,0)slow
[18150,2430](18150,300,0)You (18450,330,0)just (18780,330,0)put (19110,240,0)your (19350,330,0)lips (19680,900,0)together
[20580,1860](20580,300,0)And (20880,150,0)you (21030,480,0)come (21510,330,0)real (21840,600,0)close
[22470,3780](22470,210,0)Can (22680,90,0)you (22770,270,0)blow (23040,300,0)my (23340,600,0)whistle (23940,510,0)baby(24450,0,0), (24450,630,0)whistle (25080,1170,0)baby
[26820,1680](26820,420,0)Here (27240,420,0)we (27660,840,0)go
[28500,11700](28500,8400,0)（(36900,540,0)Look(37440,660,0)） (38100,150,0)I'm (38250,330,0)betting (38580,90,0)you (38670,300,0)like (38970,1230,0)people
[40260,1770](40260,210,0)And (40470,90,0)I'm (40560,300,0)betting (40860,120,0)you (40980,300,0)love (41280,270,0)creep (41550,480,0)mode
[42570,2520](42570,180,0)And (42750,120,0)I'm (42870,270,0)betting (43140,150,0)you (43290,270,0)like (43560,330,0)girls (43890,120,0)that (44010,300,0)give (44310,300,0)love (44610,90,0)to (44700,390,0)girls
[45090,1620](45090,324,0)And (45414,324,0)stroke (45738,324,0)your (46062,324,0)little (46386,324,0)ego
[46920,2220](46920,90,0)I (47010,240,0)bet (47250,150,0)you (47400,90,0)I'm (47490,450,0)guilty (47940,300,0)your (48240,900,0)honor
[49170,1950](49170,240,0)That's (49410,150,0)just (49560,90,0)how (49650,150,0)we (49800,330,0)live (50130,90,0)in (50220,240,0)my (50460,660,0)genre
[51120,2640](51120,330,0)Who (51450,120,0)in (51570,120,0)the (51690,300,0)hell (51990,120,0)done (52110,360,0)paved (52470,90,0)the (52560,240,0)road (52800,630,0)wider(53430,330,0)?
[53760,2040](53760,270,0)There's (54030,210,0)only (54240,210,0)one (54450,300,0)flo(54750,0,0), (54750,150,0)and (54900,240,0)one (55140,660,0)rida
[56010,870](56010,180,0)I'm (56190,90,0)a (56280,270,0)damn (56550,330,0)shame
[56880,2280](56880,270,0)rder (57150,210,0)more (57360,660,0)champagne(58020,0,0), (58020,210,0)pull (58230,60,0)a (58290,300,0)damn (58590,570,0)hamstring
[59160,1260](59160,300,0)Tryna (59460,240,0)put (59700,150,0)it (59850,360,0)on (60210,210,0)ya
[60540,2160](60540,270,0)Bet (60810,90,0)your (60900,240,0)lips (61140,330,0)spin (61470,210,0)back (61680,330,0)around (62010,690,0)corner
[62760,1800](62760,330,0)Slow (63090,120,0)it (63210,270,0)down (63480,270,0)baby (63750,240,0)take (63990,60,0)a (64050,300,0)little (64350,210,0)longer
[64560,2550](64560,283,0)Can (64843,283,0)you (65126,283,0)blow (65409,283,0)my (65692,283,0)whistle (65975,283,0)baby(66258,283,0), (66541,283,0)whistle (66824,286,0)baby
[67110,1500](67110,510,0)Let (67620,360,0)me (67980,630,0)know
[68640,2700](68640,420,0)Girl (69060,210,0)I'm (69270,240,0)gonna (69510,300,0)show (69810,360,0)you (70170,300,0)how (70470,150,0)to (70620,420,0)do (71040,300,0)it
[71340,1800](71340,210,0)And (71550,180,0)we (71730,540,0)start (72270,300,0)real (72570,570,0)slow
[73530,2430](73530,300,0)You (73830,330,0)just (74160,330,0)put (74490,240,0)your (74730,330,0)lips (75060,900,0)together
[75960,1860](75960,300,0)And (76260,150,0)you (76410,480,0)come (76890,330,0)real (77220,600,0)close
[77850,3660](77850,210,0)Can (78060,90,0)you (78150,270,0)blow (78420,300,0)my (78720,600,0)whistle (79320,510,0)baby(79830,0,0), (79830,630,0)whistle (80460,1050,0)baby
[82230,1500](82230,390,0)Here (82620,420,0)we (83040,690,0)go
[85680,2040](85680,540,0)Whistle (86220,570,0)baby(86790,30,0), (86820,540,0)whistle (87360,360,0)baby(87720,0,0),
[87720,5820](87720,2580,0)Whi(90300,30,0)-(90330,510,0)whistle (90840,570,0)baby(91410,60,0), (91470,510,0)whistle (91980,1560,0)baby
[94920,2040](94920,510,0)Whistle (95430,600,0)baby(96030,30,0), (96060,540,0)whistle (96600,360,0)baby
[96960,3690](96960,527,0)Whi(97487,527,0)-(98014,527,0)whistle (98541,527,0)baby(99068,527,0), (99595,527,0)whistle (100122,528,0)baby
[101370,1320](101370,210,0)It's (101580,330,0)like (101910,450,0)everywhere (102360,90,0)I (102450,240,0)go
[102690,1200](102690,150,0)My (102840,330,0)whistle (103170,240,0)ready (103410,120,0)to (103530,360,0)blow
[103980,900](103980,330,0)Shawty (104310,150,0)don't (104460,180,0)leave (104640,60,0)a (104700,180,0)note
[104880,1320](104880,120,0)She (105000,150,0)can (105150,210,0)get (105360,240,0)any (105600,150,0)by (105750,120,0)the (105870,330,0)low
[106290,930](106290,480,0)Permission (106770,210,0)not (106980,240,0)approved
[107250,1230](107250,120,0)It's (107370,300,0)okay(107670,0,0), (107670,150,0)it's (107820,210,0)under (108030,450,0)control
[108570,2220](108570,210,0)Show (108780,90,0)me (108870,720,0)soprano(109590,30,0), (109620,180,0)'cause (109800,180,0)girl (109980,120,0)you (110100,150,0)can (110250,540,0)handle
[110910,2220](110910,300,0)Baby (111210,120,0)we (111330,300,0)start (111630,330,0)snagging(111960,0,0), (111960,90,0)you (112050,210,0)come (112260,150,0)up (112410,120,0)in (112530,270,0)part (112800,330,0)clothes
[113250,2190](113250,210,0)Girl (113460,120,0)I'm (113580,420,0)losing (114000,120,0)wing(114120,0,0), (114120,120,0)my (114240,450,0)Bugatti (114690,120,0)the (114810,330,0)same (115140,300,0)road
[115500,2220](115500,210,0)Show (115710,120,0)me (115830,120,0)your (115950,330,0)perfect (116280,300,0)pitch(116580,0,0), (116580,120,0)you (116700,210,0)got (116910,90,0)it (117000,120,0)my (117120,600,0)banjo
[117810,2190](117810,480,0)Talented (118290,180,0)with (118470,120,0)your (118590,180,0)lips(118770,0,0), (118770,150,0)like (118920,60,0)you (118980,240,0)blew (119220,150,0)out (119370,60,0)a (119430,570,0)candle
[120000,3270](120000,240,0)So (120240,750,0)amusing(120990,300,0), (121290,150,0)now (121440,150,0)you (121590,150,0)can (121740,210,0)make (121950,90,0)a (122040,300,0)whistle (122340,150,0)with (122490,90,0)the (122580,690,0)music
[123450,2490](123450,360,0)Hope (123810,150,0)you (123960,180,0)ain't (124140,120,0)got (124260,120,0)no (124380,240,0)issue(124620,0,0), (124620,150,0)you (124770,180,0)can (124950,330,0)do (125280,660,0)it
[125940,1980](125940,180,0)Give (126120,90,0)me (126210,90,0)the (126300,330,0)perfect (126630,210,0)pitch(126840,0,0), (126840,90,0)ya (126930,270,0)never (127200,390,0)lose (127590,330,0)it
[128610,3090](128610,240,0)Can (128850,120,0)you (128970,210,0)blow (129180,360,0)my (129540,540,0)whistle (130080,540,0)baby(130620,0,0), (130620,600,0)whistle (131220,480,0)baby
[131700,1380](131700,480,0)Let (132180,420,0)me (132600,480,0)know
[133260,2700](133260,420,0)Girl (133680,210,0)I'm (133890,240,0)gonna (134130,300,0)show (134430,330,0)you (134760,330,0)how (135090,120,0)to (135210,450,0)do (135660,300,0)it
[135960,1710](135960,210,0)And (136170,180,0)we (136350,540,0)start (136890,300,0)real (137190,480,0)slow
[138120,2460](138120,330,0)You (138450,330,0)just (138780,330,0)put (139110,240,0)your (139350,300,0)lips (139650,930,0)together
[140580,1830](140580,270,0)And (140850,180,0)you (141030,480,0)come (141510,330,0)real (141840,570,0)close
[142440,3420](142440,210,0)Can (142650,90,0)you (142740,300,0)blow (143040,300,0)my (143340,600,0)whistle (143940,510,0)baby(144450,0,0), (144450,630,0)whistle (145080,780,0)baby
[146850,1560](146850,360,0)Here (147210,450,0)we (147660,750,0)go
[150300,2040](150300,540,0)Whistle (150840,570,0)baby(151410,0,0), (151410,570,0)whistle (151980,360,0)baby(152340,0,0),
[152340,4920](152340,2580,0)Whi(154920,30,0)-(154950,480,0)whistle (155430,600,0)baby(156030,30,0), (156060,540,0)whistle (156600,660,0)baby
[159540,2250](159540,510,0)Whistle (160050,600,0)baby(160650,30,0), (160680,540,0)whistle (161220,570,0)baby(161790,0,0),
[161790,3480](161790,90,0)Whi(161880,60,0)-(161940,150,0)whistle (162090,120,0)baby(162210,1950,0), (164160,510,0)whistle (164670,600,0)baby
[166170,1650](166170,300,0)Go (166470,300,0)girl (166770,150,0)you (166920,150,0)can (167070,390,0)twerk (167460,360,0)it
[168210,2460](168210,210,0)Let (168420,60,0)me (168480,180,0)see (168660,150,0)you (168810,300,0)whistle (169110,180,0)while (169290,90,0)you (169380,390,0)work (169770,900,0)it
[170670,1740](170670,150,0)I'mma (170820,180,0)lay (171000,90,0)it (171090,300,0)back(171390,0,0), (171390,240,0)don't (171630,420,0)stop (172050,360,0)it
[172440,3420](172440,330,0)'Cause (172770,60,0)I (172830,240,0)love (173070,90,0)it (173160,120,0)how (173280,150,0)you (173430,330,0)drop (173760,180,0)it(173940,0,0), (173940,390,0)drop (174330,180,0)it(174510,0,0), (174510,420,0)drop (174930,240,0)it (175170,240,0)on (175410,450,0)me
[175920,4620](175920,420,0)Now(176340,90,0), (176430,420,0)shawty (176850,270,0)let (177120,300,0)that (177420,540,0)whistle (177960,390,0)blow(178350,270,0)-(178620,480,0)oh(179100,60,0), (179160,600,0)oh (179760,780,0)oh
[180570,3480](180570,540,0)Yeah(181110,30,0), (181140,360,0)baby (181500,270,0)let (181770,270,0)that (182040,510,0)whistle (182550,390,0)blow(182940,270,0)-(183210,570,0)oh (183780,270,0)oh(184050,0,0)!
[184050,3030](184050,210,0)Can (184260,90,0)you (184350,240,0)blow (184590,360,0)my (184950,540,0)whistle (185490,540,0)baby(186030,0,0), (186030,570,0)whistle (186600,480,0)baby
[187080,1530](187080,510,0)Let (187590,390,0)me (187980,630,0)know
[188640,2730](188640,420,0)Girl (189060,210,0)I'm (189270,240,0)gonna (189510,300,0)show (189810,360,0)you (190170,300,0)how (190470,150,0)to (190620,420,0)do (191040,330,0)it
[191370,1860](191370,210,0)And (191580,120,0)we (191700,600,0)start (192300,270,0)real (192570,660,0)slow
[193560,2460](193560,270,0)You (193830,300,0)just (194130,360,0)put (194490,330,0)your (194820,240,0)lips (195060,960,0)together
[196020,1800](196020,240,0)And (196260,150,0)you (196410,480,0)come (196890,330,0)real (197220,600,0)close
[197850,3270](197850,180,0)Can (198030,90,0)you (198120,300,0)blow (198420,330,0)my (198750,570,0)whistle (199320,540,0)baby(199860,30,0), (199890,570,0)whistle (200460,660,0)baby
[202170,1290](202170,480,0)Here (202650,420,0)we (203070,390,0)go
[203460,7980](203460,2820,0)Whistle (206280,510,0)baby(206790,1260,0), (208050,2850,0)whistle (210900,510,0)baby(211410,30,0),
[211440,4620](211440,270,0)Whi(211710,990,0)-(212700,570,0)whistle (213270,1020,0)baby(214290,660,0), (214950,480,0)whistle (215430,600,0)baby(216030,30,0),
[216060,3150](216060,510,0)Whistle (216570,750,0)baby(217320,0,0), (217320,570,0)whistle (217890,1020,0)baby(218910,300,0),
[219210,1950](219210,300,0)Whi(219510,30,0)-(219540,510,0)Whistle (220050,600,0)baby(220650,30,0), (220680,480,0)whistle
